<?xml version="1.0" encoding="UTF-8" standalone="no"?>
<!-- Created with Inkscape (http://www.inkscape.org/) -->

<svg
   version="1.1"
   id="svg1"
   width="793.70135"
   height="1122.52"
   viewBox="0 0 793.70135 1122.52"
   sodipodi:docname="main.pdf"
   xmlns:inkscape="http://www.inkscape.org/namespaces/inkscape"
   xmlns:sodipodi="http://sodipodi.sourceforge.net/DTD/sodipodi-0.dtd"
   xmlns="http://www.w3.org/2000/svg"
   xmlns:svg="http://www.w3.org/2000/svg">
  <defs
     id="defs1" />
  <sodipodi:namedview
     id="namedview1"
     pagecolor="#ffffff"
     bordercolor="#000000"
     borderopacity="0.25"
     inkscape:showpageshadow="2"
     inkscape:pageopacity="0.0"
     inkscape:pagecheckerboard="0"
     inkscape:deskcolor="#d1d1d1">
    <inkscape:page
       x="0"
       y="0"
       inkscape:label="1"
       id="page1"
       width="793.70135"
       height="1122.52"
       margin="0"
       bleed="0" />
  </sodipodi:namedview>
  <g
     id="g1"
     inkscape:groupmode="layer"
     inkscape:label="1">
    <g
       id="g2"
       aria-label="X&#10;π&#10;haha"
       transform="matrix(1.3333333,0,0,1.3333333,198.28267,191.30933)">
      <path
         id="path2"
         d="m 9.81925,-10.195867 3.972656,-5.730469 c 0.410157,-0.5625 1.21875,-1.722656 3.421875,-1.746094 v -0.691406 c -0.621093,0.04687 -1.640625,0.04687 -2.285156,0.04687 -0.890625,0 -1.992187,0 -2.660156,-0.04687 v 0.691406 c 0.855469,0.08203 1.066406,0.621094 1.066406,1.054688 0,0.316406 -0.128906,0.539062 -0.316406,0.808594 l -3.5507815,5.132812 -3.984375,-5.8125 c -0.1875,-0.292969 -0.2109375,-0.375 -0.2109375,-0.457031 0,-0.246094 0.2929688,-0.703125 1.1835938,-0.726563 v -0.691406 c -0.8671875,0.04687 -2.1796875,0.04687 -3.0703125,0.04687 -0.703125,0 -2.0390625,0 -2.6835938,-0.04687 v 0.691406 c 1.4765625,0 1.9570313,0.05859 2.5546875,0.890625 l 5.1914063,7.5820316 -4.6875,6.8085937 C 2.6122188,-0.72711719 0.85440625,-0.70367969 0.3505,-0.70367969 V -5.546875e-4 C 0.97159375,-0.05914844 1.991125,-0.05914844 2.6356563,-0.05914844 c 0.7265625,0 1.9921875,0 2.6601562,0.0585937525 V -0.70367969 c -0.8320312,-0.0820313 -1.078125,-0.60937501 -1.078125,-1.04296871 0,-0.3515625 0.140625,-0.5390625 0.2695313,-0.7265625 L 8.788,-8.7193047 l 4.6875,6.8320313 c 0.210938,0.3046875 0.210938,0.375 0.210938,0.4570312 0,0.2226563 -0.246094,0.67968751 -1.183594,0.72656251 V -5.546875e-4 C 13.370031,-0.05914844 14.682531,-0.05914844 15.573156,-0.05914844 c 0.691407,0 2.039063,0 2.683594,0.0585937525 V -0.70367969 c -1.722656,0 -1.992187,-0.12890625 -2.519531,-0.87890621 z m 0,0"
         style="fill:#000000;fill-opacity:1;fill-rule:nonzero;stroke:none" />
      <path
         id="path3"
         d="m 25.610266,-6.1030938 h 3.046875 c -0.726563,3.0117188 -1.183594,4.96875 -1.183594,7.125 0,0.375 0,3.28125 1.101562,3.28125 0.5625,0 1.042969,-0.515625 1.042969,-0.9726562 0,-0.1289063 0,-0.1875 -0.1875,-0.5859375 -0.726562,-1.86328125 -0.726562,-4.171875 -0.726562,-4.359375 0,-0.1640625 0,-2.0742188 0.574218,-4.4882813 h 3.011719 c 0.339844,0 1.230469,0 1.230469,-0.8671875 0,-0.5859375 -0.503906,-0.5859375 -0.996094,-0.5859375 h -8.847656 c -0.621094,0 -1.535156,0 -2.765625,1.3125 -0.703125,0.7851563 -1.558594,2.2148438 -1.558594,2.3671875 0,0.1640625 0.128906,0.2226563 0.292969,0.2226563 0.1875,0 0.210937,-0.082031 0.351562,-0.2460938 1.394532,-2.203125 2.789063,-2.203125 3.46875,-2.203125 h 1.535157 c -0.597657,2.015625 -1.265625,4.359375 -3.46875,9.0585938 -0.222657,0.4335937 -0.222657,0.4921875 -0.222657,0.6445312 0,0.5625 0.492188,0.703125 0.726563,0.703125 0.785156,0 0.996094,-0.703125 1.324219,-1.828125 0.421875,-1.3710937 0.421875,-1.4296875 0.691406,-2.50781245 z M 37.841711,-17.988836 c 0.02344,-0.117187 0.08203,-0.269531 0.08203,-0.410156 0,-0.269531 -0.269531,-0.269531 -0.328125,-0.269531 -0.02344,0 -1.347656,0.105468 -1.476562,0.140625 -0.457032,0.02344 -0.855469,0.08203 -1.347657,0.105468 -0.667968,0.05859 -0.855468,0.08203 -0.855468,0.5625 0,0.269532 0.210937,0.269532 0.585937,0.269532 1.324219,0 1.347656,0.246093 1.347656,0.515625 0,0.152343 -0.05859,0.375 -0.08203,0.457031 l -3.902344,15.5624998 c -0.105468,0.41015626 -0.105468,0.46875001 -0.105468,0.62109376 0,0.59765625 0.457031,0.703125 0.726562,0.703125 0.457031,0 0.808594,-0.3515625 0.949219,-0.64453125 l 1.207031,-4.87500001 c 0.128906,-0.5859375 0.292969,-1.1484375 0.433594,-1.7460937 0.292969,-1.125 0.292969,-1.1484375 0.796875,-1.9335938 0.515625,-0.7734375 1.722656,-2.3906248 3.796875,-2.3906248 1.078125,0 1.453125,0.808594 1.453125,1.8749998 0,1.5117188 -1.054688,4.4414063 -1.640625,6.0585938 -0.246094,0.6445312 -0.375,0.9960937 -0.375,1.4765625 0,1.20703121 0.832031,2.17968746 2.121094,2.17968746 2.496093,0 3.445312,-3.94921876 3.445312,-4.11328126 0,-0.140625 -0.105469,-0.2460937 -0.269531,-0.2460937 -0.246094,0 -0.269531,0.082031 -0.410156,0.5390625 -0.609375,2.15625 -1.605469,3.28124996 -2.683594,3.28124996 -0.269531,0 -0.703125,-0.0234375 -0.703125,-0.89062496 0,-0.6914063 0.328125,-1.5585938 0.433594,-1.8515625 0.480468,-1.2890625 1.699218,-4.4648438 1.699218,-6.0234375 0,-1.6171871 -0.949218,-2.8242191 -2.988281,-2.8242191 -1.535156,0 -2.882812,0.726563 -3.984375,2.1210941 z m 15.700195,14.7890626 c -0.140625,0.4570312 -0.140625,0.515625 -0.515625,1.0195312 -0.585937,0.75 -1.769531,1.91015626 -3.035156,1.91015626 -1.101562,0 -1.722656,-0.99609376 -1.722656,-2.57812496 0,-1.4765625 0.832031,-4.5 1.347656,-5.625 0.914063,-1.8867191 2.179688,-2.8476561 3.222656,-2.8476561 1.78125,0 2.121094,2.2031248 2.121094,2.4140623 0,0.035156 -0.07031,0.375 -0.105469,0.4335938 z m 1.722657,-6.8906246 c -0.304688,-0.691407 -1.03125,-1.769532 -2.425782,-1.769532 -3.035156,0 -6.316406,3.9257816 -6.316406,7.9101566 0,2.6601562 1.558594,4.21874996 3.386719,4.21874996 1.476562,0 2.742187,-1.16015625 3.492187,-2.03906246 0.269532,1.58203121 1.535157,2.03906246 2.34375,2.03906246 0.808594,0 1.453125,-0.48046875 1.933594,-1.45312496 0.433594,-0.9140625 0.808594,-2.5546875 0.808594,-2.6601563 0,-0.140625 -0.105469,-0.2460937 -0.269531,-0.2460937 -0.246094,0 -0.269532,0.140625 -0.375,0.5390625 -0.398438,1.5820312 -0.914063,3.28124996 -2.015625,3.28124996 -0.785157,0 -0.832032,-0.703125 -0.832032,-1.24218746 0,-0.609375 0.08203,-0.9140625 0.316407,-1.9570313 0.1875,-0.6679687 0.328125,-1.265625 0.539062,-2.0390625 0.996094,-4.0429687 1.242188,-5.0039058 1.242188,-5.1679688 0,-0.375 -0.304688,-0.667969 -0.703125,-0.667969 -0.855469,0 -1.078125,0.9375 -1.125,1.253907 z m 11.566406,-7.898438 c 0.02344,-0.117187 0.08203,-0.269531 0.08203,-0.410156 0,-0.269531 -0.269531,-0.269531 -0.328125,-0.269531 -0.02344,0 -1.347656,0.105468 -1.476562,0.140625 -0.457032,0.02344 -0.855469,0.08203 -1.347657,0.105468 -0.667968,0.05859 -0.855468,0.08203 -0.855468,0.5625 0,0.269532 0.210937,0.269532 0.585937,0.269532 1.324219,0 1.347656,0.246093 1.347656,0.515625 0,0.152343 -0.05859,0.375 -0.08203,0.457031 l -3.902344,15.5624998 c -0.105468,0.41015626 -0.105468,0.46875001 -0.105468,0.62109376 0,0.59765625 0.457031,0.703125 0.726562,0.703125 0.457031,0 0.808594,-0.3515625 0.949219,-0.64453125 L 63.63175,-5.2505547 c 0.128906,-0.5859375 0.292969,-1.1484375 0.433594,-1.7460937 0.292969,-1.125 0.292969,-1.1484375 0.796875,-1.9335938 0.515625,-0.7734375 1.722656,-2.3906248 3.796875,-2.3906248 1.078125,0 1.453125,0.808594 1.453125,1.8749998 0,1.5117188 -1.054688,4.4414063 -1.640625,6.0585938 -0.246094,0.6445312 -0.375,0.9960937 -0.375,1.4765625 0,1.20703121 0.832031,2.17968746 2.121094,2.17968746 2.496093,0 3.445312,-3.94921876 3.445312,-4.11328126 0,-0.140625 -0.105469,-0.2460937 -0.269531,-0.2460937 -0.246094,0 -0.269531,0.082031 -0.410156,0.5390625 -0.609375,2.15625 -1.605469,3.28124996 -2.683594,3.28124996 -0.269531,0 -0.703125,-0.0234375 -0.703125,-0.89062496 0,-0.6914063 0.328125,-1.5585938 0.433594,-1.8515625 0.480468,-1.2890625 1.699218,-4.4648438 1.699218,-6.0234375 0,-1.6171871 -0.949218,-2.8242191 -2.988281,-2.8242191 -1.535156,0 -2.882812,0.726563 -3.984375,2.1210941 z m 15.700195,14.7890626 c -0.140625,0.4570312 -0.140625,0.515625 -0.515625,1.0195312 -0.585937,0.75 -1.769531,1.91015626 -3.035156,1.91015626 -1.101563,0 -1.722656,-0.99609376 -1.722656,-2.57812496 0,-1.4765625 0.832031,-4.5 1.347656,-5.625 0.914062,-1.8867191 2.179687,-2.8476561 3.222656,-2.8476561 1.78125,0 2.121094,2.2031248 2.121094,2.4140623 0,0.035156 -0.07031,0.375 -0.105469,0.4335938 z m 1.722656,-6.8906246 c -0.304687,-0.691407 -1.03125,-1.769532 -2.425781,-1.769532 -3.035156,0 -6.316406,3.9257816 -6.316406,7.9101566 0,2.6601562 1.558594,4.21874996 3.386719,4.21874996 1.476562,0 2.742187,-1.16015625 3.492187,-2.03906246 0.269531,1.58203121 1.535156,2.03906246 2.34375,2.03906246 0.808594,0 1.453125,-0.48046875 1.933594,-1.45312496 0.433594,-0.9140625 0.808594,-2.5546875 0.808594,-2.6601563 0,-0.140625 -0.105469,-0.2460937 -0.269532,-0.2460937 -0.246093,0 -0.269531,0.140625 -0.375,0.5390625 -0.398437,1.5820312 -0.914062,3.28124996 -2.015625,3.28124996 -0.785156,0 -0.832031,-0.703125 -0.832031,-1.24218746 0,-0.609375 0.08203,-0.9140625 0.316406,-1.9570313 0.1875,-0.6679687 0.328125,-1.265625 0.539063,-2.0390625 0.996094,-4.0429687 1.242187,-5.0039058 1.242187,-5.1679688 0,-0.375 -0.304687,-0.667969 -0.703125,-0.667969 -0.855468,0 -1.078125,0.9375 -1.125,1.253907 z m 0,0"
         style="fill:#000000;fill-opacity:1;fill-rule:nonzero;stroke:none" />
    </g>
  </g>
</svg>
